2026-03-18 18:39:20.218698 =================================================
2026-03-18 18:39:20.219065 [START] Qualys-ME Master Pipeline | 2026-03-18 18:39:20.218727
2026-03-18 18:39:20.219202 =================================================
2026-03-18 18:39:20.219322 -------------------------------------------------
2026-03-18 18:39:20.219419 [RUNNING] 00_Setup_Environment.py
2026-03-18 18:39:20.219525 [LOG] C:\Users\rscle\Downloads\QUalys_ME\logs\2026-03-18\00_Setup_Environment.log
2026-03-18 18:39:25.926832 [SUCCESS] 00_Setup_Environment.py completed
2026-03-18 18:39:25.927138 -------------------------------------------------
2026-03-18 18:39:25.927227 [RUNNING] cleanup_logs.py
2026-03-18 18:39:25.927332 [LOG] C:\Users\rscle\Downloads\QUalys_ME\logs\2026-03-18\cleanup_logs.log
2026-03-18 18:39:26.051050 [SUCCESS] cleanup_logs.py completed
2026-03-18 18:39:26.052052 -------------------------------------------------
2026-03-18 18:39:26.052155 [RUNNING] 01_Download_Qualys_Vuln_Data_1.py
2026-03-18 18:39:26.052242 [LOG] C:\Users\rscle\Downloads\QUalys_ME\logs\2026-03-18\01_Download_Qualys_Vuln_Data_1.log
2026-03-18 18:40:19.964937 [SUCCESS] 01_Download_Qualys_Vuln_Data_1.py completed
2026-03-18 18:40:19.966265 -------------------------------------------------
2026-03-18 18:40:19.966354 [RUNNING] 02_qualys_clean_csv_2.py
2026-03-18 18:40:19.966435 [LOG] C:\Users\rscle\Downloads\QUalys_ME\logs\2026-03-18\02_qualys_clean_csv_2.log
2026-03-18 18:40:20.085716 [SUCCESS] 02_qualys_clean_csv_2.py completed
2026-03-18 18:40:20.086846 -------------------------------------------------
2026-03-18 18:40:20.086957 [RUNNING] 03_Qualys_Sanitized_Data_3.py
2026-03-18 18:40:20.087020 [LOG] C:\Users\rscle\Downloads\QUalys_ME\logs\2026-03-18\03_Qualys_Sanitized_Data_3.log
2026-03-18 18:40:20.232234 [SUCCESS] 03_Qualys_Sanitized_Data_3.py completed
2026-03-18 18:40:20.233274 -------------------------------------------------
2026-03-18 18:40:20.233400 [RUNNING] 04_Qualys_Master_DB_4.py
2026-03-18 18:40:20.233526 [LOG] C:\Users\rscle\Downloads\QUalys_ME\logs\2026-03-18\04_Qualys_Master_DB_4.log
2026-03-18 18:40:23.499434 [SUCCESS] 04_Qualys_Master_DB_4.py completed
2026-03-18 18:40:23.500591 -------------------------------------------------
2026-03-18 18:40:23.500689 [RUNNING] 05_Daily_Ticket_Generation_5.py
2026-03-18 18:40:23.500781 [LOG] C:\Users\rscle\Downloads\QUalys_ME\logs\2026-03-18\05_Daily_Ticket_Generation_5.log
2026-03-18 18:42:56.226148 =================================================
2026-03-18 18:42:56.227180 [START] Qualys-ME Master Pipeline | 2026-03-18 18:42:56.226173
2026-03-18 18:42:56.227304 =================================================
2026-03-18 18:42:56.227408 -------------------------------------------------
2026-03-18 18:42:56.227481 [RUNNING] 00_Setup_Environment.py
2026-03-18 18:42:56.227542 [LOG] C:\Users\rscle\Downloads\QUalys_ME\logs\2026-03-18\00_Setup_Environment.log
2026-03-18 18:43:00.157427 [SUCCESS] 00_Setup_Environment.py completed
2026-03-18 18:43:00.158826 -------------------------------------------------
2026-03-18 18:43:00.158938 [RUNNING] cleanup_logs.py
2026-03-18 18:43:00.159006 [LOG] C:\Users\rscle\Downloads\QUalys_ME\logs\2026-03-18\cleanup_logs.log
2026-03-18 18:43:00.294812 [SUCCESS] cleanup_logs.py completed
2026-03-18 18:43:00.295947 -------------------------------------------------
2026-03-18 18:43:00.296063 [RUNNING] 01_Download_Qualys_Vuln_Data_1.py
2026-03-18 18:43:00.296157 [LOG] C:\Users\rscle\Downloads\QUalys_ME\logs\2026-03-18\01_Download_Qualys_Vuln_Data_1.log
2026-03-18 18:43:43.539381 [SUCCESS] 01_Download_Qualys_Vuln_Data_1.py completed
2026-03-18 18:43:43.540952 -------------------------------------------------
2026-03-18 18:43:43.541118 [RUNNING] 02_qualys_clean_csv_2.py
2026-03-18 18:43:43.541228 [LOG] C:\Users\rscle\Downloads\QUalys_ME\logs\2026-03-18\02_qualys_clean_csv_2.log
2026-03-18 18:43:43.655454 [SUCCESS] 02_qualys_clean_csv_2.py completed
2026-03-18 18:43:43.656317 -------------------------------------------------
2026-03-18 18:43:43.656426 [RUNNING] 03_Qualys_Sanitized_Data_3.py
2026-03-18 18:43:43.656494 [LOG] C:\Users\rscle\Downloads\QUalys_ME\logs\2026-03-18\03_Qualys_Sanitized_Data_3.log
2026-03-18 18:43:44.715059 [SUCCESS] 03_Qualys_Sanitized_Data_3.py completed
2026-03-18 18:43:44.716068 -------------------------------------------------
2026-03-18 18:43:44.716134 [RUNNING] 04_Qualys_Master_DB_4.py
2026-03-18 18:43:44.716262 [LOG] C:\Users\rscle\Downloads\QUalys_ME\logs\2026-03-18\04_Qualys_Master_DB_4.log
2026-03-18 18:43:45.824690 [SUCCESS] 04_Qualys_Master_DB_4.py completed
2026-03-18 18:43:45.825946 -------------------------------------------------
2026-03-18 18:43:45.826022 [RUNNING] 05_Daily_Ticket_Generation_5.py
2026-03-18 18:43:45.826072 [LOG] C:\Users\rscle\Downloads\QUalys_ME\logs\2026-03-18\05_Daily_Ticket_Generation_5.log
2026-03-18 18:53:35.188712 [SUCCESS] 05_Daily_Ticket_Generation_5.py completed
2026-03-18 18:53:35.189389 =================================================
2026-03-18 18:53:35.189783 [COMPLETE] 2026-03-18 18:53:35.189447
2026-03-18 18:53:35.190144 =================================================
